0 0.751749 0.738287 0.150983 0.517458
0 0.259224 0.714042 0.109606 0.563853
0 0.083285 0.745933 0.133346 0.500635
0 0.558610 0.749753 0.110361 0.496828
0 0.828405 0.725143 0.116927 0.541065
0 0.630665 0.690345 0.088714 0.545829
26 0.222946 0.807124 0.075777 0.240698
0 0.486134 0.706032 0.046066 0.212575
0 0.892278 0.689000 0.085556 0.272830
0 0.437357 0.693366 0.059153 0.243367
26 0.232394 0.795502 0.058966 0.253372
0 0.456792 0.703392 0.047177 0.224190
26 0.233516 0.831968 0.055654 0.135788
0 0.019104 0.548426 0.038016 0.161106