0 0.214435 0.711917 0.102067 0.568553
0 0.505707 0.732736 0.145835 0.527816
0 0.082265 0.752823 0.119735 0.484180
0 0.660786 0.712018 0.102243 0.498296
0 0.595227 0.718052 0.113422 0.550588
0 0.788505 0.693640 0.102992 0.259162
0 0.706895 0.643037 0.075568 0.470500
0 0.945274 0.782363 0.108429 0.429981
0 0.401316 0.685253 0.069847 0.225468
26 0.185317 0.804453 0.079007 0.183945
0 0.831491 0.680816 0.069742 0.220488
26 0.197747 0.821040 0.055408 0.143095
0 0.556228 0.720699 0.083878 0.488131
0 0.549067 0.693526 0.070740 0.392670