0 0.776736 0.737730 0.155056 0.518315
0 0.083192 0.746278 0.132110 0.499446
0 0.261074 0.717068 0.112496 0.558490
0 0.630148 0.682901 0.096031 0.581225
0 0.850719 0.721705 0.115468 0.540156
0 0.551512 0.726812 0.131154 0.542891
0 0.486852 0.705257 0.050741 0.216937
26 0.222574 0.816068 0.074244 0.281221
26 0.233312 0.809634 0.056491 0.276282
0 0.435272 0.677817 0.051771 0.268925
0 0.454338 0.705879 0.057661 0.223690
26 0.234695 0.831838 0.053061 0.146127
0 0.019023 0.547754 0.038017 0.161047
24 0.685048 0.794961 0.053765 0.188332
0 0.904014 0.691096 0.059608 0.259028
26 0.685285 0.794602 0.052735 0.185634