0 0.257133 0.712196 0.107083 0.566166
0 0.726106 0.738406 0.144113 0.516584
0 0.083878 0.745771 0.130620 0.502199
26 0.220394 0.806428 0.079697 0.258965
0 0.796050 0.723918 0.106998 0.537802
0 0.567625 0.744705 0.091010 0.510077
0 0.626564 0.675475 0.075726 0.574729
26 0.232031 0.779509 0.057934 0.255330
0 0.484583 0.704593 0.041991 0.211848
0 0.430818 0.707084 0.049693 0.211125
26 0.220511 0.758550 0.073469 0.422920
26 0.233215 0.822712 0.056393 0.145846
0 0.460677 0.699183 0.036624 0.221958
0 0.888272 0.680698 0.087301 0.264464