0 0.089151 0.751182 0.137014 0.485527
0 0.264012 0.717042 0.114223 0.560227
0 0.912724 0.741368 0.169806 0.510718
0 0.961226 0.724853 0.077477 0.541323
0 0.769009 0.691805 0.115773 0.441969
0 0.555214 0.697452 0.121809 0.587704
0 0.627826 0.677628 0.118291 0.566397
26 0.723168 0.801949 0.081116 0.200481
0 0.465434 0.686071 0.069237 0.272932
26 0.233648 0.809938 0.073794 0.219779
26 0.242476 0.852018 0.057170 0.126834
0 0.022976 0.587628 0.045951 0.239237
0 0.013757 0.785633 0.027335 0.416806
26 0.229752 0.845187 0.079169 0.186473
0 0.604345 0.687770 0.154509 0.570563