0 0.087577 0.745737 0.134752 0.498583
0 0.266934 0.717631 0.114614 0.555916
0 0.551354 0.745968 0.144378 0.502184
0 0.869644 0.720555 0.118443 0.547528
0 0.785515 0.734414 0.121183 0.522458
0 0.633986 0.685598 0.102570 0.561221
26 0.701906 0.789096 0.072873 0.207940
26 0.236168 0.817370 0.058432 0.275400
26 0.228565 0.812400 0.071595 0.214241
0 0.496659 0.714813 0.042162 0.196442
26 0.237731 0.772054 0.056298 0.304625
26 0.237833 0.822779 0.056230 0.170477
0 0.465564 0.708466 0.050273 0.217102
0 0.020888 0.578253 0.041710 0.222572
0 0.442006 0.712996 0.047860 0.189906
9 0.438231 0.362616 0.042253 0.149636
0 0.474471 0.704826 0.030268 0.212043
26 0.875862 0.773376 0.092658 0.279628