0 0.165421 0.724744 0.105927 0.544532
0 0.423013 0.733869 0.098491 0.480996
0 0.028015 0.775552 0.056030 0.441953
0 0.489501 0.684261 0.101478 0.568415
0 0.870733 0.733597 0.126955 0.309644
26 0.155867 0.832325 0.056628 0.208122
0 0.786829 0.702184 0.090021 0.407991
26 0.156521 0.865909 0.055647 0.137876
26 0.148548 0.828748 0.073451 0.238960
0 0.917061 0.700910 0.072210 0.265026
26 0.119189 0.846071 0.031813 0.233557
26 0.118625 0.896248 0.028700 0.137225
0 0.809446 0.711663 0.149502 0.427887
26 0.166956 0.803558 0.081255 0.261830