0 0.088105 0.749523 0.134703 0.490371
0 0.262834 0.716419 0.106080 0.557794
0 0.894861 0.740280 0.184776 0.509231
0 0.630006 0.691837 0.123263 0.575939
0 0.765971 0.689973 0.105763 0.439416
0 0.944300 0.720532 0.108153 0.540550
0 0.452606 0.681201 0.054738 0.274981
26 0.717779 0.793417 0.078693 0.214801
26 0.230292 0.839645 0.076203 0.243850
0 0.559905 0.719294 0.144319 0.553008
0 0.461286 0.695702 0.074004 0.253310
0 0.021596 0.589672 0.043192 0.251632
26 0.210319 0.837159 0.035888 0.226132
26 0.241971 0.854687 0.054976 0.133525
25 0.548426 0.519759 0.120046 0.228191
25 0.549670 0.487986 0.121527 0.155098