0 0.961243 0.561308 0.076756 0.373368
0 0.265989 0.721124 0.133016 0.550040
0 0.545668 0.712995 0.120955 0.562693
0 0.037078 0.739450 0.074157 0.517704
0 0.627346 0.661259 0.096936 0.536610
0 0.679796 0.633261 0.096721 0.422269
0 0.121173 0.717225 0.095409 0.552322
0 0.173134 0.723450 0.078916 0.538009
0 0.443222 0.748869 0.140572 0.495046
26 0.087226 0.772440 0.067816 0.241544
0 0.616665 0.659668 0.069937 0.514649
26 0.090653 0.729082 0.070469 0.323409
0 0.348140 0.664424 0.038542 0.183279
26 0.093648 0.851030 0.079615 0.191578
26 0.097155 0.890298 0.072348 0.111115
26 0.094058 0.716214 0.079322 0.453527