0 0.163628 0.713896 0.104308 0.562389
0 0.846535 0.709934 0.120739 0.568511
0 0.360314 0.733702 0.111555 0.523164
0 0.058660 0.742488 0.116228 0.510895
0 0.567626 0.725555 0.117487 0.531763
0 0.460461 0.723078 0.128363 0.546869
0 0.638160 0.666522 0.091807 0.577564
0 0.678783 0.632899 0.078438 0.442986
26 0.148290 0.792377 0.057878 0.213595
0 0.743213 0.772129 0.139276 0.451755
0 0.025657 0.746390 0.051313 0.496658
26 0.150130 0.822336 0.055336 0.145473
26 0.139712 0.798219 0.073502 0.278536
0 0.018417 0.746855 0.036719 0.484525