0 0.201521 0.713750 0.111764 0.563127
0 0.562279 0.721842 0.124861 0.547877
0 0.069652 0.748384 0.130947 0.496507
0 0.463109 0.727632 0.120612 0.533200
0 0.714274 0.647610 0.102430 0.469267
0 0.646739 0.692155 0.089083 0.547214
26 0.171202 0.796717 0.072836 0.213670
0 0.968301 0.712053 0.062867 0.559945
0 0.812730 0.678285 0.067540 0.242187
0 0.772331 0.694379 0.090839 0.253385
26 0.179984 0.821477 0.058993 0.149701
0 0.897829 0.794075 0.136602 0.406584
0 0.914429 0.718624 0.169798 0.549543
0 0.380410 0.699673 0.051466 0.187122
0 0.697975 0.649471 0.072491 0.465515
26 0.196954 0.820053 0.089458 0.150974
26 0.181082 0.779362 0.070546 0.247822