0 0.090190 0.756504 0.133699 0.480606
0 0.249065 0.713495 0.121075 0.567867
0 0.946603 0.746969 0.105546 0.502561
0 0.609284 0.688182 0.103944 0.551071
0 0.549672 0.692660 0.120756 0.610003
0 0.797553 0.687023 0.128487 0.435888
0 0.466277 0.694950 0.066892 0.260141
0 0.549761 0.782465 0.110021 0.431129
26 0.729814 0.794599 0.081489 0.219373
26 0.235781 0.841527 0.068518 0.142972
0 0.915590 0.740795 0.161948 0.491770
26 0.226246 0.811039 0.087440 0.242266
0 0.014279 0.771094 0.028473 0.444340
0 0.022773 0.576056 0.045546 0.217854
0 0.868227 0.716929 0.089007 0.276210
26 0.226405 0.857401 0.086599 0.143181