0 0.666114 0.607719 0.072985 0.356863
0 0.157858 0.675189 0.088724 0.499138
0 0.079598 0.717048 0.100103 0.551800
0 0.733335 0.551356 0.055295 0.324712
0 0.522168 0.736266 0.115460 0.485942
0 0.598484 0.696151 0.110582 0.487721
0 0.263459 0.639361 0.033759 0.155415
0 0.243874 0.645258 0.027900 0.138701
0 0.017988 0.668264 0.035977 0.333271
26 0.040582 0.732239 0.062644 0.235519
3 0.980642 0.538997 0.038265 0.226264
26 0.039638 0.685648 0.068168 0.320772
0 0.012631 0.638662 0.024980 0.258581
26 0.043793 0.803482 0.069205 0.174427
26 0.040629 0.783425 0.061677 0.141692