0 0.901282 0.554167 0.053087 0.362046
0 0.417438 0.716892 0.094456 0.558821
0 0.542099 0.727547 0.126604 0.499917
0 0.100324 0.715267 0.104208 0.563544
0 0.029261 0.739939 0.058440 0.514716
0 0.658884 0.618719 0.060065 0.414542
0 0.617408 0.665236 0.096586 0.567651
0 0.166284 0.700814 0.079841 0.530339
0 0.324289 0.759196 0.112101 0.463450
26 0.077235 0.722149 0.054553 0.262238
26 0.073383 0.702041 0.066505 0.314578
26 0.078807 0.765459 0.053939 0.170389
0 0.274518 0.662614 0.036860 0.163038
26 0.077865 0.786985 0.051520 0.124651