0 0.078149 0.747791 0.126129 0.497498
0 0.241217 0.709206 0.109727 0.572581
0 0.649988 0.743051 0.141863 0.504891
0 0.719611 0.723283 0.111740 0.544394
0 0.822921 0.704304 0.113056 0.263560
26 0.208270 0.784468 0.092709 0.216881
0 0.564766 0.747369 0.057780 0.495510
26 0.224121 0.822235 0.063292 0.130074
0 0.468862 0.695200 0.045259 0.203215
26 0.224151 0.784845 0.063544 0.209145
0 0.869835 0.680160 0.081574 0.234542
0 0.551428 0.739230 0.082227 0.496729
26 0.203989 0.735390 0.083942 0.475914
0 0.428110 0.694897 0.071443 0.220606
0 0.018349 0.681515 0.036697 0.449504
0 0.016721 0.593713 0.033319 0.273602
26 0.016874 0.795610 0.033747 0.135030
26 0.198496 0.802206 0.074183 0.227639
0 0.420315 0.700104 0.054398 0.199149