0 0.230040 0.706876 0.111726 0.581519
0 0.668813 0.717729 0.120847 0.561120
0 0.091200 0.753858 0.118432 0.488336
0 0.596848 0.736540 0.152538 0.515022
0 0.809295 0.699549 0.111567 0.258411
0 0.460639 0.694968 0.040115 0.195223
26 0.201785 0.747981 0.094114 0.265926
0 0.407217 0.700745 0.046574 0.194309
0 0.854361 0.686521 0.082206 0.225226
0 0.014787 0.582862 0.029369 0.257109
0 0.712370 0.624583 0.107271 0.524864
26 0.218265 0.760036 0.062683 0.235546
0 0.435768 0.688218 0.038448 0.213725
0 0.014435 0.540704 0.028775 0.173677
0 0.728188 0.652715 0.062985 0.456012
26 0.197197 0.761902 0.086078 0.408956
26 0.217644 0.817241 0.061972 0.125300