0 0.701422 0.740450 0.138298 0.509430
0 0.087364 0.747208 0.121416 0.497819
0 0.254654 0.711767 0.106975 0.568790
0 0.566080 0.739153 0.086183 0.513532
0 0.770155 0.725976 0.117511 0.538154
26 0.223119 0.773512 0.075361 0.260255
0 0.480818 0.702693 0.043169 0.205751
26 0.230508 0.745473 0.061588 0.301798
0 0.848903 0.708764 0.097267 0.263179
26 0.215194 0.738192 0.078547 0.473727
0 0.621041 0.694378 0.057031 0.525613
26 0.217123 0.810501 0.084272 0.264317
26 0.231638 0.794256 0.060917 0.200649
26 0.230229 0.822109 0.060919 0.146973
0 0.429293 0.674180 0.048612 0.261973
0 0.454787 0.698931 0.038648 0.216873
0 0.863520 0.682562 0.102073 0.260736
0 0.020148 0.668727 0.040296 0.422846
0 0.737648 0.719063 0.063691 0.502508
0 0.883574 0.670575 0.064092 0.248351