0 0.219913 0.708604 0.105209 0.572426
0 0.551226 0.733522 0.158397 0.525390
0 0.079637 0.751961 0.131958 0.486680
0 0.796036 0.687817 0.108932 0.277579
26 0.192728 0.788107 0.079011 0.201722
0 0.717054 0.642369 0.091948 0.456716
0 0.629920 0.703018 0.127974 0.586677
0 0.406494 0.690573 0.070348 0.218847
0 0.963045 0.797445 0.073547 0.402150
0 0.841916 0.682091 0.074794 0.218609
26 0.202364 0.817293 0.060017 0.132887
0 0.011937 0.556750 0.023833 0.199249
26 0.172100 0.797027 0.045404 0.213867
0 0.449368 0.689400 0.039489 0.195700
0 0.973877 0.794415 0.051840 0.399984