0 0.264888 0.719650 0.110045 0.552086
0 0.087711 0.748210 0.135185 0.492170
0 0.918157 0.720783 0.102205 0.549921
0 0.634658 0.689625 0.116731 0.569708
0 0.847319 0.736417 0.137113 0.517083
26 0.714362 0.791146 0.077515 0.218357
0 0.557851 0.711167 0.146209 0.571317
0 0.757276 0.689264 0.087882 0.431320
26 0.211762 0.836546 0.038876 0.224811
0 0.458661 0.689092 0.071103 0.264621
26 0.917197 0.807922 0.086602 0.243663
26 0.235949 0.821915 0.070461 0.206919
26 0.242865 0.851582 0.056340 0.135331
0 0.022367 0.583599 0.044734 0.237669
0 0.016573 0.798062 0.033085 0.399891
0 0.470520 0.706291 0.050983 0.227502
0 0.504421 0.717757 0.042122 0.193109
26 0.208091 0.861011 0.029451 0.170393