0 0.972074 0.560914 0.055438 0.369457
0 0.042430 0.744410 0.084688 0.501580
0 0.207631 0.724616 0.086005 0.547175
0 0.595559 0.717906 0.125033 0.553825
0 0.691801 0.635626 0.104079 0.429564
0 0.287305 0.721350 0.118676 0.550024
0 0.134068 0.721011 0.103458 0.545894
26 0.099251 0.796986 0.063974 0.221908
26 0.100447 0.752750 0.062547 0.283356
0 0.498313 0.755991 0.131416 0.477605
0 0.360590 0.674875 0.038636 0.175973
0 0.604875 0.617381 0.123694 0.529311
26 0.083290 0.799487 0.032671 0.216474
0 0.630962 0.681781 0.067092 0.527350
0 0.344907 0.678345 0.029380 0.164025
26 0.104719 0.854537 0.075813 0.223414
26 0.105659 0.814642 0.050834 0.144678
0 0.726649 0.639111 0.055063 0.242203