0 0.923318 0.557052 0.068444 0.364410
0 0.116434 0.712057 0.119119 0.570142
0 0.660789 0.623288 0.071043 0.420836
0 0.189671 0.700760 0.090696 0.537721
0 0.029314 0.736323 0.058628 0.525333
0 0.625709 0.671735 0.118295 0.566983
0 0.453411 0.716550 0.094788 0.554579
0 0.548926 0.725099 0.120799 0.528066
0 0.362502 0.765821 0.106562 0.458130
0 0.603904 0.663675 0.148518 0.589909
26 0.075348 0.759214 0.071366 0.215383
0 0.278917 0.668993 0.039671 0.164361
26 0.078655 0.704072 0.068454 0.342660
0 0.306967 0.664680 0.028225 0.162983
0 0.276495 0.657830 0.033474 0.129756